H	FLcap_21-16	FLcap_21-20	FLcap_21-24	FLcap_21-28	FLcap_21-33	FLcap_21-37	FLcap_21-41	FLcap_21-45	FLcap_21-49	FLcap_21-54	FLcap_21-58	FLcap_22-02	FLcap_22-06	FLcap_22-10	FLcap_22-15	FLcap_22-19	FLcap_22-23	FLcap_22-27	FLcap_22-32	FLcap_22-36	FLcap_22-40
120	8.15E-04	8.67E-04	9.40E-04	0.00106	8.83E-04	8.01E-04	9.51E-04	8.72E-04	8.69E-04	8.32E-04	8.46E-04	7.32E-04	7.43E-04	6.46E-04	6.55E-04	5.73E-04	5.89E-04	5.97E-04	6.32E-04	6.18E-04	6.49E-04
240	4.53E-04	4.66E-04	4.97E-04	5.33E-04	4.57E-04	4.36E-04	5.10E-04	4.90E-04	4.85E-04	4.72E-04	4.63E-04	4.26E-04	4.18E-04	3.78E-04	3.65E-04	3.39E-04	3.63E-04	3.68E-04	3.77E-04	3.65E-04	3.82E-04
360	2.00E-04	1.93E-04	1.97E-04	2.02E-04	1.89E-04	1.89E-04	2.09E-04	2.13E-04	2.09E-04	2.05E-04	2.03E-04	1.99E-04	1.79E-04	1.79E-04	1.66E-04	1.63E-04	1.78E-04	1.74E-04	1.76E-04	1.76E-04	1.83E-04
480	1.66E-04	1.58E-04	1.65E-04	1.69E-04	1.57E-04	1.56E-04	1.73E-04	1.76E-04	1.74E-04	1.74E-04	1.70E-04	1.68E-04	1.61E-04	1.60E-04	1.48E-04	1.50E-04	1.62E-04	1.64E-04	1.63E-04	1.55E-04	1.62E-04
600	1.56E-04	1.53E-04	1.58E-04	1.59E-04	1.48E-04	1.52E-04	1.62E-04	1.64E-04	1.64E-04	1.64E-04	1.62E-04	1.62E-04	1.64E-04	1.60E-04	1.54E-04	1.62E-04	1.66E-04	1.71E-04	1.64E-04	1.54E-04	1.64E-04
720	1.48E-04	1.50E-04	1.55E-04	1.54E-04	1.44E-04	1.48E-04	1.56E-04	1.54E-04	1.55E-04	1.55E-04	1.54E-04	1.55E-04	1.59E-04	1.61E-04	1.60E-04	1.73E-04	1.78E-04	1.84E-04	1.75E-04	1.61E-04	1.86E-04
840	1.45E-04	1.52E-04	1.56E-04	1.51E-04	1.40E-04	1.46E-04	1.54E-04	1.53E-04	1.53E-04	1.51E-04	1.49E-04	1.54E-04	1.60E-04	1.65E-04	1.65E-04	1.87E-04	1.98E-04	2.05E-04	1.99E-04	1.88E-04	2.17E-04
960	1.45E-04	1.53E-04	1.56E-04	1.49E-04	1.39E-04	1.50E-04	1.60E-04	1.60E-04	1.58E-04	1.57E-04	1.53E-04	1.59E-04	1.60E-04	1.81E-04	1.76E-04	2.14E-04	2.28E-04	2.35E-04	2.33E-04	2.22E-04	2.56E-04
1080	1.46E-04	1.50E-04	1.52E-04	1.48E-04	1.39E-04	1.53E-04	1.66E-04	1.66E-04	1.64E-04	1.67E-04	1.59E-04	1.67E-04	1.67E-04	2.11E-04	1.96E-04	2.39E-04	2.59E-04	2.59E-04	2.62E-04	2.63E-04	2.89E-04
1200	1.45E-04	1.47E-04	1.47E-04	1.45E-04	1.35E-04	1.55E-04	1.71E-04	1.70E-04	1.71E-04	1.77E-04	1.66E-04	1.84E-04	1.86E-04	2.47E-04	2.21E-04	2.57E-04	2.79E-04	2.76E-04	2.82E-04	2.86E-04	2.92E-04
1320	1.43E-04	1.44E-04	1.43E-04	1.42E-04	1.30E-04	1.55E-04	1.76E-04	1.72E-04	1.78E-04	1.84E-04	1.75E-04	2.04E-04	2.11E-04	2.81E-04	2.52E-04	2.70E-04	2.95E-04	2.85E-04	2.86E-04	2.84E-04	2.86E-04
1440	1.41E-04	1.39E-04	1.38E-04	1.37E-04	1.25E-04	1.55E-04	1.79E-04	1.73E-04	1.84E-04	1.88E-04	1.83E-04	2.26E-04	2.35E-04	3.03E-04	2.83E-04	2.80E-04	3.01E-04	2.87E-04	2.84E-04	2.81E-04	2.79E-04
1560	1.37E-04	1.34E-04	1.32E-04	1.32E-04	1.20E-04	1.54E-04	1.81E-04	1.72E-04	1.86E-04	1.87E-04	1.85E-04	2.40E-04	2.59E-04	3.10E-04	3.04E-04	2.85E-04	2.95E-04	2.78E-04	2.80E-04	2.74E-04	2.70E-04
1680	1.31E-04	1.25E-04	1.26E-04	1.26E-04	1.14E-04	1.54E-04	1.80E-04	1.69E-04	1.86E-04	1.86E-04	1.86E-04	2.39E-04	2.76E-04	3.11E-04	3.19E-04	2.86E-04	2.85E-04	2.65E-04	2.72E-04	2.63E-04	2.56E-04
1800	1.25E-04	1.17E-04	1.17E-04	1.19E-04	1.07E-04	1.54E-04	1.77E-04	1.64E-04	1.85E-04	1.87E-04	1.86E-04	2.39E-04	2.81E-04	3.06E-04	3.18E-04	2.77E-04	2.71E-04	2.51E-04	2.57E-04	2.51E-04	2.42E-04
1920	1.18E-04	1.08E-04	1.10E-04	1.12E-04	1.00E-04	1.55E-04	1.76E-04	1.57E-04	1.83E-04	1.89E-04	1.87E-04	2.39E-04	2.81E-04	2.89E-04	3.09E-04	2.65E-04	2.56E-04	2.38E-04	2.40E-04	2.35E-04	2.29E-04
2040	1.09E-04	1.01E-04	1.04E-04	1.05E-04	9.55E-05	1.56E-04	1.72E-04	1.47E-04	1.79E-04	1.90E-04	1.91E-04	2.37E-04	2.71E-04	2.72E-04	2.94E-04	2.53E-04	2.40E-04	2.27E-04	2.24E-04	2.21E-04	2.17E-04
2160	9.72E-05	9.34E-05	9.76E-05	9.87E-05	9.24E-05	1.55E-04	1.64E-04	1.34E-04	1.72E-04	1.90E-04	1.93E-04	2.33E-04	2.54E-04	2.56E-04	2.70E-04	2.38E-04	2.24E-04	2.14E-04	2.10E-04	2.11E-04	2.06E-04
2280	8.67E-05	8.54E-05	9.25E-05	9.19E-05	8.71E-05	1.49E-04	1.53E-04	1.19E-04	1.60E-04	1.87E-04	1.89E-04	2.21E-04	2.35E-04	2.39E-04	2.42E-04	2.22E-04	2.09E-04	2.04E-04	2.00E-04	2.02E-04	1.96E-04
2400	7.52E-05	7.66E-05	8.35E-05	8.38E-05	7.91E-05	1.37E-04	1.38E-04	1.06E-04	1.47E-04	1.76E-04	1.83E-04	2.01E-04	2.14E-04	2.23E-04	2.16E-04	2.06E-04	1.94E-04	1.95E-04	1.91E-04	1.96E-04	1.85E-04
2520	6.27E-05	6.84E-05	7.29E-05	7.38E-05	6.84E-05	1.20E-04	1.21E-04	9.24E-05	1.36E-04	1.61E-04	1.70E-04	1.75E-04	1.92E-04	2.09E-04	1.93E-04	1.92E-04	1.83E-04	1.86E-04	1.84E-04	1.90E-04	1.75E-04
2640	5.40E-05	6.20E-05	6.22E-05	6.27E-05	5.79E-05	1.04E-04	1.03E-04	7.88E-05	1.21E-04	1.42E-04	1.55E-04	1.45E-04	1.66E-04	1.95E-04	1.78E-04	1.79E-04	1.74E-04	1.80E-04	1.77E-04	1.86E-04	1.67E-04
2760	4.36E-05	5.46E-05	5.39E-05	5.33E-05	4.82E-05	9.05E-05	8.83E-05	6.47E-05	1.06E-04	1.29E-04	1.40E-04	1.18E-04	1.42E-04	1.82E-04	1.71E-04	1.70E-04	1.66E-04	1.73E-04	1.69E-04	1.79E-04	1.59E-04
2880	3.78E-05	4.88E-05	4.56E-05	4.32E-05	4.02E-05	7.80E-05	7.53E-05	5.16E-05	9.42E-05	1.17E-04	1.26E-04	9.98E-05	1.27E-04	1.70E-04	1.66E-04	1.63E-04	1.61E-04	1.67E-04	1.62E-04	1.72E-04	1.55E-04
3000	3.51E-05	4.29E-05	3.99E-05	3.52E-05	3.40E-05	6.58E-05	6.17E-05	4.02E-05	8.06E-05	1.05E-04	1.14E-04	8.61E-05	1.19E-04	1.59E-04	1.58E-04	1.54E-04	1.54E-04	1.57E-04	1.54E-04	1.62E-04	1.51E-04
3120	3.43E-05	3.73E-05	3.48E-05	2.96E-05	2.79E-05	5.56E-05	4.97E-05	3.35E-05	6.93E-05	9.08E-05	1.00E-04	7.72E-05	1.17E-04	1.46E-04	1.50E-04	1.46E-04	1.47E-04	1.48E-04	1.46E-04	1.51E-04	1.47E-04
3240	3.05E-05	3.09E-05	2.45E-05	2.24E-05	2.07E-05	4.14E-05	3.21E-05	2.57E-05	5.76E-05	6.44E-05	8.02E-05	6.52E-05	1.16E-04	1.38E-04	1.37E-04	1.36E-04	1.35E-04	1.34E-04	1.35E-04	1.38E-04	1.39E-04
3360	2.04E-05	2.17E-05	1.50E-05	1.39E-05	1.22E-05	2.58E-05	1.52E-05	1.47E-05	3.66E-05	3.39E-05	5.03E-05	4.37E-05	1.02E-04	1.25E-04	1.23E-04	1.21E-04	1.23E-04	1.21E-04	1.23E-04	1.22E-04	1.24E-04
3480	1.17E-05	1.25E-05	7.44E-06	7.19E-06	6.42E-06	1.50E-05	6.90E-06	7.64E-06	2.01E-05	1.75E-05	2.85E-05	2.72E-05	8.30E-05	1.11E-04	1.08E-04	1.01E-04	1.09E-04	1.08E-04	1.05E-04	1.03E-04	9.78E-05
3600	6.69E-06	7.90E-06	4.13E-06	4.19E-06	4.07E-06	8.81E-06	3.73E-06	4.38E-06	1.18E-05	9.96E-06	1.62E-05	1.78E-05	6.71E-05	8.82E-05	8.79E-05	7.36E-05	1.00E-04	9.83E-05	8.83E-05	6.10E-05	3.45E-05
3720	4.68E-06	3.61E-06	3.13E-06	2.95E-06	2.63E-06	5.53E-06	2.60E-06	3.16E-06	7.40E-06	6.76E-06	9.15E-06	1.22E-05	5.69E-05	3.25E-05	4.20E-05	3.68E-05	8.77E-05	9.14E-05	7.90E-05	1.89E-05	8.76E-06
3840	2.55E-06	2.31E-06	2.59E-06	2.66E-06	2.22E-06	4.18E-06	2.55E-06	3.11E-06	5.81E-06	5.52E-06	5.91E-06	9.85E-06	5.44E-05	1.52E-05	2.40E-05	1.69E-05	4.87E-05	8.30E-05	6.93E-05	6.38E-06	4.47E-06
3960	2.28E-06	2.51E-06	2.58E-06	3.00E-06	2.62E-06	3.33E-06	2.86E-06	3.70E-06	5.35E-06	4.62E-06	4.46E-06	1.04E-05	5.86E-05	1.33E-05	2.29E-05	6.52E-06	2.25E-05	5.47E-05	6.31E-05	2.50E-06	4.11E-06
4080	2.05E-06	3.29E-06	3.12E-06	3.23E-06	2.87E-06	2.81E-06	3.05E-06	3.79E-06	4.68E-06	4.09E-06	3.90E-06	1.15E-05	6.17E-05	1.49E-05	2.56E-05	6.24E-06	1.15E-05	2.20E-05	2.87E-05	1.90E-06	1.51E-05
4200	2.84E-06	7.17E-06	3.90E-06	3.85E-06	4.35E-06	2.93E-06	3.44E-06	4.17E-06	3.76E-06	4.07E-06	4.04E-06	1.43E-05	6.86E-05	3.98E-05	5.98E-05	1.07E-05	1.14E-05	1.95E-05	8.48E-06	4.93E-06	1.02E-04
4320	4.92E-06	1.39E-05	6.63E-06	5.10E-06	6.91E-06	3.34E-06	4.17E-06	4.12E-06	3.29E-06	4.67E-06	4.84E-06	1.80E-05	7.40E-05	1.01E-04	1.28E-04	2.79E-05	1.82E-05	1.93E-05	3.28E-06	2.37E-05	4.42E-04
4440	1.22E-05	1.90E-05	1.17E-05	6.94E-06	9.90E-06	4.08E-06	5.55E-06	4.43E-06	2.76E-06	5.08E-06	6.50E-06	1.76E-05	7.01E-05	1.33E-04	1.56E-04	1.09E-04	3.98E-05	2.99E-05	1.72E-06	1.29E-04	0.00108
4560	2.97E-05	2.58E-05	1.95E-05	1.22E-05	1.48E-05	5.57E-06	8.52E-06	5.16E-06	2.59E-06	5.35E-06	8.30E-06	1.64E-05	6.99E-05	1.39E-04	1.65E-04	1.58E-04	1.04E-04	1.01E-04	3.50E-06	5.99E-04	0.00151
4680	5.38E-05	3.26E-05	2.80E-05	1.87E-05	1.97E-05	7.37E-06	1.35E-05	6.03E-06	3.36E-06	5.91E-06	1.06E-05	1.33E-05	5.95E-05	1.17E-04	1.58E-04	1.68E-04	1.27E-04	1.61E-04	1.65E-05	0.00172	0.00217
4800	1.15E-04	3.79E-05	3.54E-05	3.19E-05	2.34E-05	1.03E-05	2.07E-05	7.91E-06	4.12E-06	6.92E-06	1.21E-05	1.15E-05	4.88E-05	8.84E-05	1.58E-04	1.70E-04	1.33E-04	2.52E-04	8.53E-05	0.0028	0.00228
4920	1.05E-04	4.47E-05	4.67E-05	5.08E-05	2.99E-05	1.56E-05	4.11E-05	1.06E-05	5.84E-06	9.26E-06	1.18E-05	1.19E-05	3.82E-05	5.94E-05	1.54E-04	1.84E-04	1.52E-04	3.60E-04	4.00E-04	0.00342	0.00279
5040	1.34E-04	5.66E-05	6.01E-05	7.38E-05	4.14E-05	2.36E-05	6.81E-05	1.37E-05	7.49E-06	1.30E-05	1.28E-05	1.27E-05	2.54E-05	4.34E-05	1.42E-04	1.92E-04	1.75E-04	4.47E-04	9.31E-04	0.00371	0.00266
5160	2.42E-04	7.51E-05	8.80E-05	1.10E-04	6.07E-05	3.76E-05	1.07E-04	1.85E-05	7.50E-06	1.78E-05	1.32E-05	1.52E-05	1.71E-05	3.41E-05	1.12E-04	2.31E-04	2.33E-04	4.61E-04	0.0017	0.00396	0.00354
5280	3.27E-04	1.07E-04	1.11E-04	1.27E-04	7.99E-05	5.17E-05	1.42E-04	2.50E-05	9.07E-06	2.25E-05	1.40E-05	1.66E-05	1.23E-05	3.16E-05	1.03E-04	2.32E-04	2.81E-04	4.81E-04	0.0024	0.00535	0.0057
5400	5.63E-04	1.48E-04	1.58E-04	1.65E-04	1.22E-04	1.09E-04	1.77E-04	3.37E-05	1.11E-05	3.08E-05	1.58E-05	2.03E-05	1.14E-05	3.61E-05	1.06E-04	2.84E-04	2.98E-04	5.41E-04	0.00364	0.00772	0.00966
5520	5.88E-04	2.23E-04	1.77E-04	1.79E-04	1.67E-04	1.98E-04	2.20E-04	4.66E-05	1.49E-05	3.70E-05	1.88E-05	2.26E-05	1.21E-05	4.07E-05	1.16E-04	3.37E-04	2.84E-04	5.89E-04	0.00452	0.01149	0.05493
5640	7.43E-04	3.34E-04	1.95E-04	1.73E-04	2.38E-04	3.39E-04	2.84E-04	6.00E-05	2.24E-05	3.72E-05	2.08E-05	2.76E-05	1.35E-05	4.74E-05	1.31E-04	3.05E-04	2.32E-04	6.89E-04	0.00443	0.00845	0.02752
5760	9.83E-04	4.88E-04	2.85E-04	2.09E-04	4.14E-04	5.27E-04	4.14E-04	7.57E-05	2.45E-05	3.86E-05	2.42E-05	3.00E-05	1.57E-05	4.74E-05	1.40E-04	2.60E-04	1.91E-04	7.30E-04	0.00496	0.00839	0.0233
5880	0.00128	6.46E-04	2.81E-04	2.71E-04	5.13E-04	7.83E-04	5.89E-04	9.02E-05	2.58E-05	3.92E-05	2.83E-05	3.32E-05	1.87E-05	4.58E-05	1.42E-04	2.32E-04	1.81E-04	6.42E-04	0.00566	0.01028	0.01501